X_COORDINATES 499 float
10.4368459293 10.3368204445 10.2377535920 10.1396361844 10.0424591223 9.9462133935
9.8508900723 9.7564803185 9.6629753764 9.5703665746 9.4786453244 9.3878031198
9.2978315359 9.2087222290 9.1204669351 9.0330574693 8.9464857255 8.8607436748
8.7758233658 8.6917169228 8.6084165460 8.5259145100 8.4442031637 8.3632749292
8.2831223011 8.2037378463 8.1251142027 8.0472440786 7.9701202526 7.8937355720
7.8180829531 7.7431553799 7.6689459036 7.5954476420 7.5226537790 7.4505575637
7.3791523099 7.3084313956 7.2383882620 7.1690164134 7.1003094164 7.0322608990
6.9648645505 6.8981141205 6.8320034187 6.7665263140 6.7016767340 6.6374486646
6.5738361494 6.5108332889 6.4484342403 6.3866332168 6.3254244868 6.2648023741
6.2047612564 6.1452955656 6.0863997869 6.0280684583 5.9702961702 5.9130775648
5.8564073357 5.8002802273 5.7446910344 5.6896346016 5.6351058232 5.5810996420
5.5276110497 5.4746350856 5.4221668368 5.3702014375 5.3187340683 5.2677599563
5.2172743741 5.1672726396 5.1177501158 5.0687022100 5.0201243734 4.9720121010
4.9243609309 4.8771664439 4.8304242632 4.7841300540 4.7382795230 4.6928684180
4.6478925276 4.6033476808 4.5592297464 4.5155346331 4.4722582885 4.4293966992
4.3869458903 4.3449019249 4.3032609038 4.2620189653 4.2211722846 4.1807170736
4.1406495805 4.1009660895 4.0616629203 4.0227364280 3.9841830025 3.9459990685
3.9081810848 3.8707255440 3.8336289727 3.7968879306 3.7604990101 3.7244588368
3.6887640681 3.6534113939 3.6183975355 3.5837192457 3.5493733085 3.5153565386
3.4816657814 3.4482979124 3.4152498371 3.3825184906 3.3501008374 3.3179938711
3.2861946141 3.2547001174 3.2235074603 3.1926137498 3.1620161209 3.1317117361
3.1016977849 3.0719714838 3.0425300760 3.0133708311 2.9844910450 2.9558880393
2.9275591614 2.8995017841 2.8717133053 2.8441911480 2.8169327597 2.7899356126
2.7631972029 2.7367150510 2.7104867008 2.6845097200 2.6587816995 2.6333002532
2.6080630181 2.5830676537 2.5583118418 2.5337932867 2.5095097145 2.4854588731
2.4616385321 2.4380464824 2.4146805362 2.3915385263 2.3686183067 2.3459177518
2.3234347562 2.3011672350 2.2791131231 2.2572703752 2.2356369655 2.2142108878
2.1929901552 2.1719727994 2.1511568716 2.1305404410 2.1101215959 2.0898984426
2.0698691055 2.0500317272 2.0303844680 2.0109255058 1.9916530359 1.9725652711
1.9536604412 1.9349367928 1.9163925897 1.8980261120 1.8798356565 1.8618195361
1.8439760800 1.8263036335 1.8088005576 1.7914652291 1.7742960404 1.7572913990
1.7404497281 1.7237694658 1.7072490652 1.6908869940 1.6746817350 1.6586317853
1.6427356564 1.6269918741 1.6113989783 1.5959555229 1.5806600758 1.5655112185
1.5505075459 1.5356476668 1.5209302030 1.5063537896 1.4919170748 1.4776187197
1.4634573984 1.4494317975 1.4355406163 1.4217825665 1.4081563722 1.3946607697
1.3812945074 1.3680563459 1.3549450573 1.3419594257 1.3290982468 1.3163603280
1.3037444878 1.2912495564 1.2788743748 1.2666177956 1.2544786819 1.2424559081
1.2305483590 1.2187549305 1.2070745288 1.1955060707 1.1840484833 1.1727007041
1.1614616806 1.1503303706 1.1393057417 1.1283867716 1.1175724475 1.1068617667
1.0962537357 1.0857473708 1.0753416977 1.0650357513 1.0548285759 1.0447192248
1.0347067606 1.0247902545 1.0149687871 1.0052414475 0.9956073336 0.9860655518
0.9766152173 0.9672554537 0.9579853930 10.0000000000 0.9579853930 0.9672554537
0.9766152173 0.9860655518 0.9956073336 1.0052414475 1.0149687871 1.0247902545
1.0347067606 1.0447192248 1.0548285759 1.0650357513 1.0753416977 1.0857473708
1.0962537357 1.1068617667 1.1175724475 1.1283867716 1.1393057417 1.1503303706
1.1614616806 1.1727007041 1.1840484833 1.1955060707 1.2070745288 1.2187549305
1.2305483590 1.2424559081 1.2544786819 1.2666177956 1.2788743748 1.2912495564
1.3037444878 1.3163603280 1.3290982468 1.3419594257 1.3549450573 1.3680563459
1.3812945074 1.3946607697 1.4081563722 1.4217825665 1.4355406163 1.4494317975
1.4634573984 1.4776187197 1.4919170748 1.5063537896 1.5209302030 1.5356476668
1.5505075459 1.5655112185 1.5806600758 1.5959555229 1.6113989783 1.6269918741
1.6427356564 1.6586317853 1.6746817350 1.6908869940 1.7072490652 1.7237694658
1.7404497281 1.7572913990 1.7742960404 1.7914652291 1.8088005576 1.8263036335
1.8439760800 1.8618195361 1.8798356565 1.8980261120 1.9163925897 1.9349367928
1.9536604412 1.9725652711 1.9916530359 2.0109255058 2.0303844680 2.0500317272
2.0698691055 2.0898984426 2.1101215959 2.1305404410 2.1511568716 2.1719727994
2.1929901552 2.2142108878 2.2356369655 2.2572703752 2.2791131231 2.3011672350
2.3234347562 2.3459177518 2.3686183067 2.3915385263 2.4146805362 2.4380464824
2.4616385321 2.4854588731 2.5095097145 2.5337932867 2.5583118418 2.5830676537
2.6080630181 2.6333002532 2.6587816995 2.6845097200 2.7104867008 2.7367150510
2.7631972029 2.7899356126 2.8169327597 2.8441911480 2.8717133053 2.8995017841
2.9275591614 2.9558880393 2.9844910450 3.0133708311 3.0425300760 3.0719714838
3.1016977849 3.1317117361 3.1620161209 3.1926137498 3.2235074603 3.2547001174
3.2861946141 3.3179938711 3.3501008374 3.3825184906 3.4152498371 3.4482979124
3.4816657814 3.5153565386 3.5493733085 3.5837192457 3.6183975355 3.6534113939
3.6887640681 3.7244588368 3.7604990101 3.7968879306 3.8336289727 3.8707255440
3.9081810848 3.9459990685 3.9841830025 4.0227364280 4.0616629203 4.1009660895
4.1406495805 4.1807170736 4.2211722846 4.2620189653 4.3032609038 4.3449019249
4.3869458903 4.4293966992 4.4722582885 4.5155346331 4.5592297464 4.6033476808
4.6478925276 4.6928684180 4.7382795230 4.7841300540 4.8304242632 4.8771664439
4.9243609309 4.9720121010 5.0201243734 5.0687022100 5.1177501158 5.1672726396
5.2172743741 5.2677599563 5.3187340683 5.3702014375 5.4221668368 5.4746350856
5.5276110497 5.5810996420 5.6351058232 5.6896346016 5.7446910344 5.8002802273
5.8564073357 5.9130775648 5.9702961702 6.0280684583 6.0863997869 6.1452955656
6.2047612564 6.2648023741 6.3254244868 6.3866332168 6.4484342403 6.5108332889
6.5738361494 6.6374486646 6.7016767340 6.7665263140 6.8320034187 6.8981141205
6.9648645505 7.0322608990 7.1003094164 7.1690164134 7.2383882620 7.3084313956
7.3791523099 7.4505575637 7.5226537790 7.5954476420 7.6689459036 7.7431553799
7.8180829531 7.8937355720 7.9701202526 8.0472440786 8.1251142027 8.2037378463
8.2831223011 8.3632749292 8.4442031637 8.5259145100 8.6084165460 8.6917169228
8.7758233658 8.8607436748 8.9464857255 9.0330574693 9.1204669351 9.2087222290
9.2978315359 9.3878031198 9.4786453244 9.5703665746 9.6629753764 9.7564803185
9.8508900723 9.9462133935 10.0424591223 10.1396361844 10.2377535920 10.3368204445
10.4368459293 
Y_COORDINATES 61 float
35.8333333333 35.8333333333 35.8333333333 35.8333333333 35.8333333333 35.8333333333
35.8333333333 35.8333333333 35.8333333333 35.8333333333 35.8333333333 35.8333333333
35.8333333333 35.8333333333 35.8333333333 35.8333333333 35.8333333333 35.8333333333
29.1662500000 29.1662500000 29.1662500000 29.1662500000 29.1662500000 29.1662500000
29.1662500000 29.1662500000 29.1662500000 29.1662500000 29.1662500000 29.1662500000
0.0100000000 29.1662500000 29.1662500000 29.1662500000 29.1662500000 29.1662500000
29.1662500000 29.1662500000 29.1662500000 29.1662500000 29.1662500000 29.1662500000
29.1662500000 35.8333333333 35.8333333333 35.8333333333 35.8333333333 35.8333333333
35.8333333333 35.8333333333 35.8333333333 35.8333333333 35.8333333333 35.8333333333
35.8333333333 35.8333333333 35.8333333333 35.8333333333 35.8333333333 35.8333333333
35.8333333333 
