X_COORDINATES 99 float
61.5157480315 61.5157480315 10.5508318030 8.0830711457 6.1925012518 4.7441215179
3.6345069724 2.7844229712 2.1331672608 1.6342353908 1.2519999541 0.0032808399
1.2519999541 1.6342353908 2.1331672608 2.7844229712 3.6345069724 4.7441215179
6.1925012518 8.0830711457 10.5508318030 10.5508318030 8.0830711457 6.1925012518
4.7441215179 3.6345069724 2.7844229712 2.1331672608 1.6342353908 1.2519999541
0.0032808399 1.2519999541 1.6342353908 2.1331672608 2.7844229712 3.6345069724
4.7441215179 6.1925012518 8.0830711457 10.5508318030 10.5508318030 8.0830711457
6.1925012518 4.7441215179 3.6345069724 2.7844229712 2.1331672608 1.6342353908
1.2519999541 0.0032808399 1.2519999541 1.6342353908 2.1331672608 2.7844229712
3.6345069724 4.7441215179 6.1925012518 8.0830711457 10.5508318030 10.5508318030
8.0830711457 6.1925012518 4.7441215179 3.6345069724 2.7844229712 2.1331672608
1.6342353908 1.2519999541 0.0032808399 1.2519999541 1.6342353908 2.1331672608
2.7844229712 3.6345069724 4.7441215179 6.1925012518 8.0830711457 10.5508318030
10.5508318030 8.0830711457 6.1925012518 4.7441215179 3.6345069724 2.7844229712
2.1331672608 1.6342353908 1.2519999541 0.0032808399 1.2519999541 1.6342353908
2.1331672608 2.7844229712 3.6345069724 4.7441215179 6.1925012518 8.0830711457
10.5508318030 61.5157480315 61.5157480315 
Y_COORDINATES 13 float
65.6167979003 65.6167979003 23.9598507218 23.9598507218 23.9598507218 23.9598507218
5.1715879265 23.9598507218 23.9598507218 23.9598507218 23.9598507218 65.6167979003
65.6167979003 
